BLK 
swl_list 	Benchmarks 	IPC	Stall warps	Stall Dramfull	Stall icnt2sh	INS	RBL 	AVGEMFLat 	AVGEMRQLat 	App1-BW 	Waste-BW 	Idle-BW 	L2-Miss-Rate-1	L2-MPKI	
swl_01 	BLK 	120.3453 	34582 	724 	1042 	195781760 	3.504390 	319 	53 	0.272 	0.229666666666667 	0.498666666666667 	1.000 	1.596 	 	
swl_02 	BLK 	233.5816 	20756 	811 	929 	195781760 	2.970957 	313 	43 	0.527 	0.429666666666667 	0.0431666666666667 	1.000 	1.596 	 	
swl_04 	BLK 	317.7502 	25337 	191985 	1477 	195781760 	2.606796 	532 	121 	0.717 	0.267333333333333 	0.0155 	1.000 	1.596 	 	
swl_08 	BLK 	342.0247 	4721503 	2873986 	2203 	195781760 	1.739246 	1102 	119 	0.772 	0.2125 	0.0155 	1.000 	1.596 	 	
swl_12 	BLK 	346.9112 	8787242 	2780742 	2351 	195781760 	1.530506 	1118 	117 	0.783 	0.200833333333333 	0.016 	1.000 	1.596 	 	
swl_16 	BLK 	344.1978 	9207496 	2678784 	2546 	195781760 	1.514412 	1109 	116 	0.777 	0.200833333333333 	0.0223333333333333 	1.000 	1.596 	 	
swl_20 	BLK 	346.5906 	9209343 	2640224 	2414 	195781760 	1.510902 	1118 	117 	0.782 	0.199166666666667 	0.0181666666666667 	1.000 	1.596 	 	
swl_24 	BLK 	346.9499 	9252959 	2647470 	2487 	195781760 	1.520115 	1115 	116 	0.783 	0.199833333333333 	0.0171666666666667 	1.000 	1.596 	 	



BFS2 
swl_list 	Benchmarks 	IPC	Stall warps	Stall Dramfull	Stall icnt2sh	INS	RBL 	AVGEMFLat 	AVGEMRQLat 	App1-BW 	Waste-BW 	Idle-BW 	L2-Miss-Rate-1	L2-MPKI	
swl_01 	BFS2 	12.7990 	5686 	45490 	1953949 	13371478 	3.287890 	190 	6 	0.034 	0.0725 	0.893333333333333 	0.056 	2.601 	 	
swl_02 	BFS2 	17.2399 	16545 	883421 	3339526 	13371478 	3.449907 	239 	8 	0.0461666666666667 	0.0906666666666667 	0.8635 	0.046 	2.605 	 	
swl_04 	BFS2 	17.8703 	4135848 	2210049 	5138747 	13371478 	3.337103 	331 	11 	0.048 	0.0891666666666667 	0.862833333333333 	0.038 	2.614 	 	
swl_08 	BFS2 	17.1297 	11994395 	2695858 	5904636 	13371478 	2.374642 	372 	13 	0.0631666666666667 	0.145666666666667 	0.791333333333333 	0.048 	3.566 	 	
swl_12 	BFS2 	16.6049 	15430514 	2771767 	6107101 	13371478 	2.112889 	379 	12 	0.113166666666667 	0.226 	0.660833333333333 	0.086 	6.597 	 	
swl_16 	BFS2 	16.5211 	15994580 	2721429 	6099337 	13371478 	2.126478 	380 	13 	0.127166666666667 	0.239666666666667 	0.633166666666667 	0.097 	7.451 	 	
swl_20 	BFS2 	16.4898 	16033400 	2729814 	6109073 	13371478 	2.126446 	381 	12 	0.128333333333333 	0.239333333333333 	0.632333333333333 	0.097 	7.522 	 	
swl_24 	BFS2 	16.4948 	16064756 	2708626 	6084661 	13371478 	2.116733 	381 	12 	0.1295 	0.239833333333333 	0.630666666666667 	0.098 	7.588 	 	



NN 
swl_list 	Benchmarks 	IPC	Stall warps	Stall Dramfull	Stall icnt2sh	INS	RBL 	AVGEMFLat 	AVGEMRQLat 	App1-BW 	Waste-BW 	Idle-BW 	L2-Miss-Rate-1	L2-MPKI	
swl_01 	NN 	10.4635 	999211 	8221 	57805 	78414252 	9.035159 	160 	4 	0.002 	0.003 	0.995 	0.055 	0.139 	 	
swl_02 	NN 	19.7812 	362631 	20270 	80357 	78414252 	10.058692 	162 	6 	0.003 	0.00516666666666667 	0.991 	0.055 	0.139 	 	
swl_04 	NN 	36.1487 	1050310 	64484 	129257 	78414252 	6.529865 	171 	9 	0.006 	0.0106666666666667 	0.984 	0.054 	0.139 	 	
swl_08 	NN 	47.3623 	2545438 	97877 	828857 	78414252 	7.516219 	184 	10 	0.008 	0.013 	0.979833333333333 	0.032 	0.138 	 	
swl_12 	NN 	47.3024 	2798028 	119309 	892245 	78414252 	6.241265 	185 	6 	0.00783333333333333 	0.0131666666666667 	0.979 	0.032 	0.139 	 	
swl_16 	NN 	46.9878 	3012238 	150560 	1006703 	78414252 	5.806154 	193 	5 	0.00716666666666667 	0.014 	0.979 	0.031 	0.138 	 	
swl_20 	NN 	47.1292 	3004550 	144173 	972030 	78414252 	5.646055 	192 	5 	0.00716666666666667 	0.014 	0.9785 	0.031 	0.138 	 	
swl_24 	NN 	46.8560 	3029690 	158555 	1037992 	78414252 	5.876055 	194 	5 	0.007 	0.014 	0.979 	0.030 	0.139 	 	



RAY 
swl_list 	Benchmarks 	IPC	Stall warps	Stall Dramfull	Stall icnt2sh	INS	RBL 	AVGEMFLat 	AVGEMRQLat 	App1-BW 	Waste-BW 	Idle-BW 	L2-Miss-Rate-1	L2-MPKI	
swl_01 	RAY 	65.2978 	126304 	30275 	5894 	62682608 	2.229722 	264 	62 	0.091 	0.0786666666666667 	0.830333333333333 	0.288 	0.709 	 	
swl_02 	RAY 	127.3496 	256403 	41907 	11150 	62682608 	2.271526 	276 	62 	0.179666666666667 	0.146333333333333 	0.674 	0.331 	0.715 	 	
swl_04 	RAY 	218.3972 	639222 	148963 	19846 	62682608 	2.348477 	356 	81 	0.308833333333333 	0.206166666666667 	0.484833333333333 	0.363 	0.722 	 	
swl_08 	RAY 	275.1180 	1418879 	282471 	19192 	62682608 	2.300716 	462 	91 	0.413166666666667 	0.24 	0.346833333333333 	0.423 	0.787 	 	
swl_12 	RAY 	315.1796 	1695653 	334314 	18164 	62682608 	2.307003 	511 	97 	0.475166666666667 	0.258333333333333 	0.266666666666667 	0.436 	0.798 	 	
swl_16 	RAY 	310.3145 	1721768 	361011 	13234 	62682608 	2.411109 	530 	98 	0.4605 	0.261166666666667 	0.2785 	0.437 	0.790 	 	
swl_20 	RAY 	327.5432 	1735019 	365494 	12870 	62682608 	2.605532 	546 	101 	0.4875 	0.2625 	0.249666666666667 	0.443 	0.798 	 	
swl_24 	RAY 	327.5432 	1735019 	365494 	12870 	62682608 	2.605532 	546 	101 	0.4875 	0.2625 	0.249666666666667 	0.443 	0.798 	 	



JPEG 
swl_list 	Benchmarks 	IPC	Stall warps	Stall Dramfull	Stall icnt2sh	INS	RBL 	AVGEMFLat 	AVGEMRQLat 	App1-BW 	Waste-BW 	Idle-BW 	L2-Miss-Rate-1	L2-MPKI	
swl_01 	JPEG 	58.6858 	1520 	1396 	1040 	7569408 	2.799673 	207 	7 	0.064 	0.1775 	0.757833333333333 	0.493 	1.085 	 	
swl_02 	JPEG 	108.9860 	6435 	1465 	1053 	7569408 	3.437668 	225 	9 	0.119333333333333 	0.237 	0.6435 	0.493 	1.085 	 	
swl_04 	JPEG 	192.3953 	20566 	1447 	1124 	7569408 	4.299246 	237 	21 	0.211 	0.293666666666667 	0.4955 	0.493 	1.085 	 	
swl_08 	JPEG 	281.3279 	41722 	1451 	1247 	7569408 	4.829567 	264 	39 	0.308333333333333 	0.274333333333333 	0.417666666666667 	0.493 	1.085 	 	
swl_12 	JPEG 	330.8018 	53745 	2976 	2504 	7569408 	4.852413 	304 	66 	0.362333333333333 	0.220833333333333 	0.416666666666667 	0.493 	1.085 	 	
swl_16 	JPEG 	320.9008 	84680 	12290 	1955 	7569408 	3.456199 	364 	84 	0.351666666666667 	0.251666666666667 	0.396666666666667 	0.493 	1.085 	 	
swl_20 	JPEG 	320.9008 	84680 	12290 	1955 	7569408 	3.456199 	364 	84 	0.351666666666667 	0.251666666666667 	0.396666666666667 	0.493 	1.085 	 	
swl_24 	JPEG 	320.9008 	84680 	12290 	1955 	7569408 	3.456199 	364 	84 	0.351666666666667 	0.251666666666667 	0.396666666666667 	0.493 	1.085 	 	



LPS 
swl_list 	Benchmarks 	IPC	Stall warps	Stall Dramfull	Stall icnt2sh	INS	RBL 	AVGEMFLat 	AVGEMRQLat 	App1-BW 	Waste-BW 	Idle-BW 	L2-Miss-Rate-1	L2-MPKI	
swl_01 	LPS 	55.8795 	84118 	739 	31927 	72711744 	3.217858 	225 	9 	0.081 	0.2095 	0.7095 	0.408 	1.007 	 	
swl_02 	LPS 	105.9049 	161416 	1055 	77455 	72711744 	2.603990 	238 	16 	0.154 	0.3615 	0.484333333333333 	0.407 	1.002 	 	
swl_04 	LPS 	190.1512 	183673 	3421 	134032 	72711744 	2.837179 	268 	47 	0.2625 	0.44 	0.2975 	0.379 	0.929 	 	
swl_08 	LPS 	296.5454 	208078 	39977 	201709 	72711744 	2.884901 	303 	61 	0.400333333333333 	0.447833333333333 	0.151666666666667 	0.368 	0.908 	 	
swl_12 	LPS 	365.6282 	274445 	126664 	297035 	72711744 	3.804155 	376 	100 	0.481166666666667 	0.382 	0.136833333333333 	0.355 	0.877 	 	
swl_16 	LPS 	409.9577 	343452 	198554 	310641 	72711744 	4.377616 	415 	107 	0.541833333333333 	0.4155 	0.043 	0.351 	0.863 	 	
swl_20 	LPS 	409.9577 	343452 	198554 	310641 	72711744 	4.377616 	415 	107 	0.541833333333333 	0.4155 	0.043 	0.351 	0.863 	 	
swl_24 	LPS 	409.9577 	343452 	198554 	310641 	72711744 	4.377616 	415 	107 	0.541833333333333 	0.4155 	0.043 	0.351 	0.863 	 	



