Benchmarks 	App1 	App2 	AloneIPC1	AloneIPC2	IPC1	IPC2	SD1	SD2	WS	IT	FI	Stall warps-1	Stall warps-2	Stall Dramfull	Stall icnt2sh	App1-BW 	App2-BW	Waste-BW 	Idle-BW 	RBL-1 	RBL-2 	AVGEMFLat-1 	AVGEMFLat-2 	AVGEMRQLat-1 	AVGEMRQLat-2 	MPKI-1 	MPKI-2 	L2MR-1	L2MR-2	L2MR	
BLK_BLK 	BLK 	BLK 	346.9499	346.9499	112.4412 	112.3089 	0.324084831844598 	0.323703508777492 	0.64778834062209	224.7501 	1.00117800103108 	27801 	22671 	56554 	2424	0.254 	0.253666666666667 	0.371833333333333 	0.121166666666667 	2.349955 	2.065667 	339 	338 	55 	51 	1.59669623973142 	1.59616503600744 	0.999 	1.000 	0.999 	
BLK_BFS2 	BLK 	BFS2 	346.9499	17.8703	113.4405 	12.2835 	0.326965074784573 	0.68736954611842 	1.01433462090299	125.724 	2.10227207468965 	26706 	9815 	217048 	3463183	0.256 	0.049 	0.309166666666667 	0.386 	2.672691 	2.151862 	341 	195 	46 	22 	1.59621100556048 	5.80728622520263 	1.000 	0.076 	0.292 	
BFS2_BFS2 	BFS2 	BFS2 	17.8703	17.8703	11.8078 	11.7639 	0.660749959429892 	0.658293369445393 	1.31904332887528	23.5717 	1.00373175562526 	5115 	5057 	1186045 	3797247	0.0378333333333333 	0.0378333333333333 	0.2035 	0.721333333333333 	2.025310 	1.976045 	227 	227 	8 	8 	3.05762758612025 	3.08193305182868 	0.066 	0.067 	0.067 	
NN_NN 	NN 	NN 	47.3623	47.3623	9.9529 	9.9445 	0.210143933043792 	0.20996657679209 	0.420110509835882	19.8974 	1.0008446880185 	670706 	607319 	22701 	99493	0.015 	0.015 	0.0706666666666667 	0.900166666666667 	3.894128 	4.154323 	222 	222 	1 	1 	1.42764863713806 	1.43110464153889 	0.567 	0.571 	0.569 	
NN_RAY 	NN 	RAY 	47.3623	327.5432	9.7873 	67.7722 	0.206647481224518 	0.206910722005525 	0.413558203230043	77.5595 	1.00127386397089 	444502 	1056585 	218507 	104445	0.015 	0.0988333333333333 	0.136666666666667 	0.749166666666667 	1.577578 	2.363656 	234 	264 	31 	59 	1.52147251078538 	0.807405907904999 	0.550 	0.305 	0.339 	
RAY_RAY 	RAY 	RAY 	327.5432	327.5432	64.0306 	63.3968 	0.195487496000528 	0.193552484069277 	0.389039980069805	127.4274 	1.00999735002398 	232883 	245595 	235487 	15687	0.1015 	0.0991666666666667 	0.152166666666667 	0.647166666666667 	2.156581 	2.473066 	340 	340 	75 	72 	0.82498162807776 	0.80465701108033 	0.334 	0.330 	0.332 	
JPEG_JPEG 	JPEG 	JPEG 	330.8018	330.8018	57.5533 	57.3205 	0.173981217756373 	0.173277473097184 	0.347258690853556	114.8738 	1.00406137420295 	1602 	1732 	2797 	2392	0.063 	0.063 	0.3975 	0.477166666666667 	1.635381 	2.165477 	214 	217 	15 	3 	1.08489329680736 	1.08225108225108 	0.493 	0.492 	0.492 	
JPEG_LPS 	JPEG 	LPS 	330.8018	409.9577	57.6962 	45.7427 	0.174413198477155 	0.11157907267018 	0.285992271147335	103.4389 	1.56313540078172 	16079 	85760 	19299 	21145	0.063 	0.107166666666667 	0.410166666666667 	0.418833333333333 	2.750906 	2.777909 	211 	262 	9 	24 	1.09293003274937 	1.80874495322241 	0.493 	0.737 	0.608 	
LPS_LPS 	LPS 	LPS 	409.9577	409.9577	46.2045 	46.1643 	0.112705530351058 	0.112607471453762 	0.22531300180482	92.3688 	1.00087080276317 	85680 	85665 	1810 	23470	0.109 	0.109 	0.359833333333333 	0.421666666666667 	2.863216 	2.904361 	261 	261 	22 	23 	1.82634871197698 	1.82453332435542 	0.744 	0.743 	0.744 	
BLK_NN 	BLK 	NN 	346.9499	47.3623	119.9422 	9.7861 	0.345704668022674 	0.206622144617132 	0.552326812639806	129.7283 	1.67312496278296 	161215 	424099 	18606 	52336	0.271 	0.016 	0.248 	0.465333333333333 	3.301841 	1.821143 	317 	244 	49 	9 	1.96124756463523 	1.58855050992516 	1.000 	0.634 	0.958 	
BLK_RAY 	BLK 	RAY 	346.9499	327.5432	107.3820 	66.6206 	0.309502899409972 	0.203394849900715 	0.512897749310688	174.0026 	1.5216850355899 	21669 	343293 	197102 	19540	0.242 	0.112333333333333 	0.312833333333333 	0.3325 	2.132571 	2.330717 	343 	314 	47 	74 	1.59621100556048 	1.70304017982149 	1.000 	0.350 	0.679 	
BFS2_NN 	BFS2 	NN 	17.8703	47.3623	12.8406 	9.7737 	0.718544176650644 	0.206360333007476 	0.92490450965812	22.6143 	3.48198787130573 	45034 	481710 	425632 	15808588	0.035 	0.015 	0.132666666666667 	0.816666666666667 	2.194837 	2.344581 	191 	244 	8 	1 	2.95861085812653 	1.52389389622693 	0.057 	0.609 	0.079 	
BFS2_RAY 	BFS2 	RAY 	17.8703	327.5432	12.3924 	62.9621 	0.693463456125527 	0.192225330887651 	0.885688787013178	75.3545 	3.60755501329236 	5484 	196367 	159533 	2086337	0.0366666666666667 	0.1 	0.177833333333333 	0.685333333333333 	1.775398 	2.475280 	194 	307 	25 	64 	2.85420953465279 	0.883993212279872 	0.062 	0.329 	0.119 	
BLK_JPEG 	BLK 	JPEG 	346.9499	330.8018	112.1069 	55.1124 	0.323121292151979 	0.166602479188445 	0.489723771340424	167.2193 	1.93947469284953 	29278 	14702 	21259 	13323	0.253 	0.0605 	0.320333333333333 	0.366 	2.747208 	3.692810 	352 	221 	71 	18 	1.59621100556048 	1.15158719589872 	1.000 	0.494 	0.796 	
BLK_LPS 	BLK 	LPS 	346.9499	409.9577	115.6475 	44.5167 	0.333326223757378 	0.108588520230258 	0.441914743987636	160.1642 	3.06962672527973 	29984 	88568 	2670 	14540	0.261 	0.1045 	0.340666666666667 	0.293833333333333 	2.939153 	2.571368 	332 	277 	58 	37 	1.59620589783236 	1.87210473180233 	1.000 	0.726 	0.897 	
BFS2_JPEG 	BFS2 	JPEG 	17.8703	330.8018	12.6345 	55.7553 	0.7070110742405 	0.16854593898824 	0.87555701322874	68.3898 	4.19476777954187 	5571 	10234 	91927 	2039550	0.0366666666666667 	0.0613333333333333 	0.318166666666667 	0.583666666666667 	1.944483 	3.932394 	193 	227 	11 	3 	2.7975217100159 	1.21604150360428 	0.061 	0.494 	0.137 	
BFS2_LPS 	BFS2 	LPS 	17.8703	409.9577	12.7133 	44.6960 	0.711420625283291 	0.109025882426406 	0.820446507709698	57.4093 	6.52524528534321 	9876 	85484 	117309 	3118143	0.0373333333333333 	0.105 	0.3015 	0.556 	2.055023 	2.850363 	190 	271 	10 	17 	4.36728086453868 	1.81025777624038 	0.060 	0.737 	0.164 	
NN_JPEG 	NN 	JPEG 	47.3623	330.8018	9.8386 	58.8261 	0.207730621190272 	0.177828838899909 	0.385559460090181	68.6647 	1.16814922976128 	502381 	86514 	89343 	97053	0.015 	0.0643333333333333 	0.293333333333333 	0.626666666666667 	3.032055 	6.248842 	235 	207 	3 	1 	1.53507808759051 	1.10144178977827 	0.614 	0.494 	0.513 	
NN_LPS 	NN 	LPS 	47.3623	409.9577	9.8504 	46.5974 	0.207979764496234 	0.113663921911944 	0.321643686408178	56.4478 	1.82977818289042 	495687 	438031 	12221 	99708	0.016 	0.109 	0.274166666666667 	0.601666666666667 	1.732918 	2.976648 	234 	253 	3 	16 	1.55963994912557 	1.82661551894561 	0.623 	0.723 	0.706 	
RAY_JPEG 	RAY 	JPEG 	327.5432	330.8018	67.6660 	54.6841 	0.206586489965293 	0.165307746209362 	0.371894236174655	122.3501 	1.24970846619403 	141493 	7632 	80594 	15017	0.106666666666667 	0.06 	0.299 	0.534166666666667 	2.045938 	3.336337 	310 	225 	65 	13 	0.808278430278459 	1.21491227143083 	0.331 	0.494 	0.400 	
RAY_LPS 	RAY 	LPS 	327.5432	409.9577	68.2578 	44.7881 	0.208393274536 	0.109250539750808 	0.317643814286809	113.0459 	1.90748050317489 	257879 	85757 	82079 	23138	0.1055 	0.104833333333333 	0.294333333333333 	0.495166666666667 	2.185103 	2.632744 	286 	269 	63 	25 	1.40259001348508 	1.8069570714739 	0.320 	0.736 	0.484 	
