Benchmarks 	App1 	App2 	AloneIPC1	AloneIPC2	IPC1	IPC2	SD1	SD2	WS	IT	FI	App1-BW 	App2-BW	Waste-BW 	Idle-BW 	L2MR-1	L2MR-2	L2MR	RBL-1 	RBL-2 	MPKI-1 	MPKI-2 	
BLK_BLK 	BLK 	BLK 	120.3453	120.3453	112.4412 	112.3089 	0.934321489912776 	0.933222153254012 	1.86754364316679	224.7501 	1.00117800103108 	0.254 	0.253666666666667 	0.371833333333333 	0.121166666666667 	0.999 	1.000 	0.999 	2.349955 	2.065667 	1.59669623973142 	1.59616503600744 	
BLK_BFS2 	BLK 	BFS2 	120.3453	12.7990	113.4405 	12.2835 	0.942625096285439 	0.959723415891867 	1.90234851217731	125.724 	1.01813904560128 	0.256 	0.049 	0.309166666666667 	0.386 	1.000 	0.076 	0.292 	2.672691 	2.151862 	1.59621100556048 	5.80728622520263 	
BFS2_BFS2 	BFS2 	BFS2 	12.7990	12.7990	11.8078 	11.7639 	0.922556449722635 	0.919126494257364 	1.84168294398	23.5717 	1.00373175562526 	0.0378333333333333 	0.0378333333333333 	0.2035 	0.721333333333333 	0.066 	0.067 	0.067 	2.025310 	1.976045 	3.05762758612025 	3.08193305182868 	
NN_NN 	NN 	NN 	10.4635	10.4635	9.9529 	9.9445 	0.951201796721938 	0.950399006068715 	1.90160080279065	19.8974 	1.0008446880185 	0.015 	0.015 	0.0706666666666667 	0.900166666666667 	0.567 	0.571 	0.569 	3.894128 	4.154323 	1.42764863713806 	1.43110464153889 	
NN_RAY 	NN 	RAY 	10.4635	65.2978	9.7873 	67.7722 	0.93537535241554 	1.03789407912671 	1.97326943154225	77.5595 	1.10960169780658 	0.015 	0.0988333333333333 	0.136666666666667 	0.749166666666667 	0.550 	0.305 	0.339 	1.577578 	2.363656 	1.52147251078538 	0.807405907904999 	
RAY_RAY 	RAY 	RAY 	65.2978	65.2978	64.0306 	63.3968 	0.980593526887583 	0.970887227441047 	1.95148075432863	127.4274 	1.00999735002398 	0.1015 	0.0991666666666667 	0.152166666666667 	0.647166666666667 	0.334 	0.330 	0.332 	2.156581 	2.473066 	0.82498162807776 	0.80465701108033 	
JPEG_JPEG 	JPEG 	JPEG 	58.6858	58.6858	57.5533 	57.3205 	0.980702316403627 	0.976735428331896 	1.95743774473552	114.8738 	1.00406137420295 	0.063 	0.063 	0.3975 	0.477166666666667 	0.493 	0.492 	0.492 	1.635381 	2.165477 	1.08489329680736 	1.08225108225108 	
JPEG_LPS 	JPEG 	LPS 	58.6858	55.8795	57.6962 	45.7427 	0.983137317715699 	0.818595370395225 	1.80173268811093	103.4389 	1.20100522586761 	0.063 	0.107166666666667 	0.410166666666667 	0.418833333333333 	0.493 	0.737 	0.608 	2.750906 	2.777909 	1.09293003274937 	1.80874495322241 	
LPS_LPS 	LPS 	LPS 	55.8795	55.8795	46.2045 	46.1643 	0.826859581778649 	0.82614017663007 	1.65299975840872	92.3688 	1.00087080276317 	0.109 	0.109 	0.359833333333333 	0.421666666666667 	0.744 	0.743 	0.744 	2.863216 	2.904361 	1.82634871197698 	1.82453332435542 	
BLK_NN 	BLK 	NN 	120.3453	10.4635	119.9422 	9.7861 	0.996650471601301 	0.935260668036508 	1.93191113963781	129.7283 	1.06563924439769 	0.271 	0.016 	0.248 	0.465333333333333 	1.000 	0.634 	0.958 	3.301841 	1.821143 	1.96124756463523 	1.58855050992516 	
BLK_RAY 	BLK 	RAY 	120.3453	65.2978	107.3820 	66.6206 	0.892282457229323 	1.02025795662335 	1.91254041385267	174.0026 	1.143424874441 	0.242 	0.112333333333333 	0.312833333333333 	0.3325 	1.000 	0.350 	0.679 	2.132571 	2.330717 	1.59621100556048 	1.70304017982149 	
BFS2_NN 	BFS2 	NN 	12.7990	10.4635	12.8406 	9.7737 	1.00325025392609 	0.934075596119845 	1.93732585004593	22.6143 	1.07405680877821 	0.035 	0.015 	0.132666666666667 	0.816666666666667 	0.057 	0.609 	0.079 	2.194837 	2.344581 	2.95861085812653 	1.52389389622693 	
BFS2_RAY 	BFS2 	RAY 	12.7990	65.2978	12.3924 	62.9621 	0.96823189311665 	0.964230035315126 	1.93246192843178	75.3545 	1.00415031440108 	0.0366666666666667 	0.1 	0.177833333333333 	0.685333333333333 	0.062 	0.329 	0.119 	1.775398 	2.475280 	2.85420953465279 	0.883993212279872 	
BLK_JPEG 	BLK 	JPEG 	120.3453	58.6858	112.1069 	55.1124 	0.931543649814326 	0.939109631290704 	1.87065328110503	167.2193 	1.00812198277331 	0.253 	0.0605 	0.320333333333333 	0.366 	1.000 	0.494 	0.796 	2.747208 	3.692810 	1.59621100556048 	1.15158719589872 	
BLK_LPS 	BLK 	LPS 	120.3453	55.8795	115.6475 	44.5167 	0.96096399277745 	0.796655302928623 	1.75761929570607	160.1642 	1.20624815932914 	0.261 	0.1045 	0.340666666666667 	0.293833333333333 	1.000 	0.726 	0.897 	2.939153 	2.571368 	1.59620589783236 	1.87210473180233 	
BFS2_JPEG 	BFS2 	JPEG 	12.7990	58.6858	12.6345 	55.7553 	0.987147433393234 	0.950064581210446 	1.93721201460368	68.3898 	1.03903192784594 	0.0366666666666667 	0.0613333333333333 	0.318166666666667 	0.583666666666667 	0.061 	0.494 	0.137 	1.944483 	3.932394 	2.7975217100159 	1.21604150360428 	
BFS2_LPS 	BFS2 	LPS 	12.7990	55.8795	12.7133 	44.6960 	0.993304164387843 	0.799863993056488 	1.79316815744433	57.4093 	1.24184132928921 	0.0373333333333333 	0.105 	0.3015 	0.556 	0.060 	0.737 	0.164 	2.055023 	2.850363 	4.36728086453868 	1.81025777624038 	
NN_JPEG 	NN 	JPEG 	10.4635	58.6858	9.8386 	58.8261 	0.940278109619152 	1.00239069757931 	1.94266880719846	68.6647 	1.06605767732412 	0.015 	0.0643333333333333 	0.293333333333333 	0.626666666666667 	0.614 	0.494 	0.513 	3.032055 	6.248842 	1.53507808759051 	1.10144178977827 	
NN_LPS 	NN 	LPS 	10.4635	55.8795	9.8504 	46.5974 	0.941405839346299 	0.833890782845229 	1.77529662219153	56.4478 	1.12893182022498 	0.016 	0.109 	0.274166666666667 	0.601666666666667 	0.623 	0.723 	0.706 	1.732918 	2.976648 	1.55963994912557 	1.82661551894561 	
RAY_JPEG 	RAY 	JPEG 	65.2978	58.6858	67.6660 	54.6841 	1.03626768436303 	0.931811443313374 	1.9680791276764	122.3501 	1.1121001912986 	0.106666666666667 	0.06 	0.299 	0.534166666666667 	0.331 	0.494 	0.400 	2.045938 	3.336337 	0.808278430278459 	1.21491227143083 	
RAY_LPS 	RAY 	LPS 	65.2978	55.8795	68.2578 	44.7881 	1.04533077684087 	0.801512182464052 	1.84684295930493	113.0459 	1.30419823891792 	0.1055 	0.104833333333333 	0.294333333333333 	0.495166666666667 	0.320 	0.736 	0.484 	2.185103 	2.632744 	1.40259001348508 	1.8069570714739 	
